# See the documentation http://cosmologist.info/notes/CAMB.pdf
#   k/h (1/Mpc)    P_k (h^{-3} Mpc^3)
    0.10000E-03    0.56947E+03
    0.10202E-03    0.58050E+03
    0.10408E-03    0.59175E+03
    0.10618E-03    0.60321E+03
    0.10833E-03    0.61490E+03
    0.11052E-03    0.62681E+03
    0.11275E-03    0.63895E+03
    0.11503E-03    0.65133E+03
    0.11735E-03    0.66395E+03
    0.11972E-03    0.67681E+03
    0.12214E-03    0.68992E+03
    0.12461E-03    0.70328E+03
    0.12712E-03    0.71690E+03
    0.12969E-03    0.73079E+03
    0.13231E-03    0.74494E+03
    0.13499E-03    0.75936E+03
    0.13771E-03    0.77407E+03
    0.14049E-03    0.78906E+03
    0.14333E-03    0.80434E+03
    0.14623E-03    0.81991E+03
    0.14918E-03    0.83578E+03
    0.15220E-03    0.85196E+03
    0.15527E-03    0.86846E+03
    0.15841E-03    0.88527E+03
    0.16161E-03    0.90240E+03
    0.16487E-03    0.91987E+03
    0.16820E-03    0.93767E+03
    0.17160E-03    0.95582E+03
    0.17507E-03    0.97432E+03
    0.17860E-03    0.99317E+03
    0.18221E-03    0.10124E+04
    0.18589E-03    0.10320E+04
    0.18965E-03    0.10519E+04
    0.19348E-03    0.10723E+04
    0.19739E-03    0.10930E+04
    0.20138E-03    0.11142E+04
    0.20544E-03    0.11357E+04
    0.20959E-03    0.11577E+04
    0.21383E-03    0.11801E+04
    0.21815E-03    0.12029E+04
    0.22255E-03    0.12261E+04
    0.22705E-03    0.12498E+04
    0.23164E-03    0.12740E+04
    0.23632E-03    0.12986E+04
    0.24109E-03    0.13237E+04
    0.24596E-03    0.13493E+04
    0.25093E-03    0.13754E+04
    0.25600E-03    0.14019E+04
    0.26117E-03    0.14290E+04
    0.26645E-03    0.14566E+04
    0.27183E-03    0.14847E+04
    0.27732E-03    0.15134E+04
    0.28292E-03    0.15426E+04
    0.28864E-03    0.15723E+04
    0.29447E-03    0.16027E+04
    0.30042E-03    0.16336E+04
    0.30649E-03    0.16651E+04
    0.31268E-03    0.16972E+04
    0.31899E-03    0.17299E+04
    0.32544E-03    0.17633E+04
    0.33201E-03    0.17972E+04
    0.33872E-03    0.18319E+04
    0.34556E-03    0.18672E+04
    0.35254E-03    0.19031E+04
    0.35966E-03    0.19397E+04
    0.36693E-03    0.19771E+04
    0.37434E-03    0.20151E+04
    0.38190E-03    0.20539E+04
    0.38962E-03    0.20934E+04
    0.39749E-03    0.21336E+04
    0.40552E-03    0.21746E+04
    0.41371E-03    0.22164E+04
    0.42207E-03    0.22590E+04
    0.43060E-03    0.23023E+04
    0.43929E-03    0.23465E+04
    0.44817E-03    0.23916E+04
    0.45722E-03    0.24374E+04
    0.46646E-03    0.24841E+04
    0.47588E-03    0.25317E+04
    0.48550E-03    0.25802E+04
    0.49530E-03    0.26296E+04
    0.50531E-03    0.26800E+04
    0.51552E-03    0.27312E+04
    0.52593E-03    0.27834E+04
    0.53656E-03    0.28366E+04
    0.54739E-03    0.28908E+04
    0.55845E-03    0.29460E+04
    0.56973E-03    0.30022E+04
    0.58124E-03    0.30594E+04
    0.59299E-03    0.31177E+04
    0.60496E-03    0.31771E+04
    0.61719E-03    0.32376E+04
    0.62965E-03    0.32992E+04
    0.64237E-03    0.33619E+04
    0.65535E-03    0.34258E+04
    0.66859E-03    0.34908E+04
    0.68210E-03    0.35570E+04
    0.69588E-03    0.36244E+04
    0.70993E-03    0.36931E+04
    0.72427E-03    0.37630E+04
    0.73891E-03    0.38342E+04
    0.75383E-03    0.39066E+04
    0.76906E-03    0.39804E+04
    0.78460E-03    0.40555E+04
    0.80045E-03    0.41319E+04
    0.81662E-03    0.42097E+04
    0.83311E-03    0.42889E+04
    0.84994E-03    0.43695E+04
    0.86711E-03    0.44515E+04
    0.88463E-03    0.45350E+04
    0.90250E-03    0.46200E+04
    0.92073E-03    0.47064E+04
    0.93933E-03    0.47944E+04
    0.95831E-03    0.48839E+04
    0.97767E-03    0.49750E+04
    0.99742E-03    0.50677E+04
    0.10176E-02    0.51619E+04
    0.10381E-02    0.52579E+04
    0.10591E-02    0.53554E+04
    0.10805E-02    0.54546E+04
    0.11023E-02    0.55556E+04
    0.11246E-02    0.56582E+04
    0.11473E-02    0.57626E+04
    0.11705E-02    0.58688E+04
    0.11941E-02    0.59767E+04
    0.12182E-02    0.60864E+04
    0.12429E-02    0.61980E+04
    0.12680E-02    0.63114E+04
    0.12936E-02    0.64267E+04
    0.13197E-02    0.65439E+04
    0.13464E-02    0.66630E+04
    0.13736E-02    0.67841E+04
    0.14013E-02    0.69071E+04
    0.14296E-02    0.70321E+04
    0.14585E-02    0.71591E+04
    0.14880E-02    0.72881E+04
    0.15180E-02    0.74191E+04
    0.15487E-02    0.75522E+04
    0.15800E-02    0.76874E+04
    0.16119E-02    0.78246E+04
    0.16445E-02    0.79640E+04
    0.16777E-02    0.81055E+04
    0.17116E-02    0.82492E+04
    0.17462E-02    0.83950E+04
    0.17814E-02    0.85430E+04
    0.18174E-02    0.86932E+04
    0.18541E-02    0.88456E+04
    0.18916E-02    0.90002E+04
    0.19298E-02    0.91571E+04
    0.19688E-02    0.93162E+04
    0.20086E-02    0.94775E+04
    0.20491E-02    0.96412E+04
    0.20905E-02    0.98071E+04
    0.21328E-02    0.99752E+04
    0.21758E-02    0.10146E+05
    0.22198E-02    0.10318E+05
    0.22646E-02    0.10494E+05
    0.23104E-02    0.10671E+05
    0.23571E-02    0.10851E+05
    0.24047E-02    0.11033E+05
    0.24533E-02    0.11217E+05
    0.25028E-02    0.11404E+05
    0.25534E-02    0.11592E+05
    0.26050E-02    0.11784E+05
    0.26576E-02    0.11977E+05
    0.27113E-02    0.12173E+05
    0.27660E-02    0.12371E+05
    0.28219E-02    0.12571E+05
    0.28789E-02    0.12774E+05
    0.29371E-02    0.12979E+05
    0.29964E-02    0.13186E+05
    0.30569E-02    0.13395E+05
    0.31187E-02    0.13606E+05
    0.31817E-02    0.13820E+05
    0.32460E-02    0.14036E+05
    0.33115E-02    0.14253E+05
    0.33784E-02    0.14473E+05
    0.34467E-02    0.14695E+05
    0.35163E-02    0.14919E+05
    0.35874E-02    0.15145E+05
    0.36598E-02    0.15373E+05
    0.37338E-02    0.15602E+05
    0.38092E-02    0.15834E+05
    0.38861E-02    0.16067E+05
    0.39646E-02    0.16302E+05
    0.40447E-02    0.16539E+05
    0.41264E-02    0.16777E+05
    0.42098E-02    0.17017E+05
    0.42948E-02    0.17258E+05
    0.43816E-02    0.17501E+05
    0.44701E-02    0.17745E+05
    0.45604E-02    0.17990E+05
    0.46525E-02    0.18236E+05
    0.47465E-02    0.18484E+05
    0.48424E-02    0.18733E+05
    0.49402E-02    0.18982E+05
    0.50400E-02    0.19232E+05
    0.51419E-02    0.19483E+05
    0.52457E-02    0.19735E+05
    0.53517E-02    0.19987E+05
    0.54598E-02    0.20239E+05
    0.55701E-02    0.20492E+05
    0.56826E-02    0.20745E+05
    0.57974E-02    0.20998E+05
    0.59145E-02    0.21250E+05
    0.60340E-02    0.21503E+05
    0.61559E-02    0.21755E+05
    0.62803E-02    0.22006E+05
    0.64072E-02    0.22257E+05
    0.65366E-02    0.22507E+05
    0.66686E-02    0.22756E+05
    0.68033E-02    0.23003E+05
    0.69408E-02    0.23249E+05
    0.70810E-02    0.23494E+05
    0.72240E-02    0.23737E+05
    0.73700E-02    0.23977E+05
    0.75189E-02    0.24216E+05
    0.76708E-02    0.24453E+05
    0.78257E-02    0.24686E+05
    0.79838E-02    0.24917E+05
    0.81451E-02    0.25145E+05
    0.83096E-02    0.25370E+05
    0.84775E-02    0.25591E+05
    0.86488E-02    0.25808E+05
    0.88235E-02    0.26022E+05
    0.90017E-02    0.26231E+05
    0.91836E-02    0.26435E+05
    0.93691E-02    0.26635E+05
    0.95583E-02    0.26829E+05
    0.97514E-02    0.27019E+05
    0.99484E-02    0.27203E+05
    0.10149E-01    0.27381E+05
    0.10354E-01    0.27553E+05
    0.10564E-01    0.27719E+05
    0.10777E-01    0.27878E+05
    0.10995E-01    0.28031E+05
    0.11217E-01    0.28176E+05
    0.11443E-01    0.28314E+05
    0.11675E-01    0.28444E+05
    0.11910E-01    0.28566E+05
    0.12151E-01    0.28678E+05
    0.12397E-01    0.28782E+05
    0.12647E-01    0.28875E+05
    0.12902E-01    0.28957E+05
    0.13163E-01    0.29029E+05
    0.13429E-01    0.29090E+05
    0.13700E-01    0.29139E+05
    0.13977E-01    0.29176E+05
    0.14259E-01    0.29203E+05
    0.14547E-01    0.29219E+05
    0.14841E-01    0.29225E+05
    0.15141E-01    0.29221E+05
    0.15447E-01    0.29206E+05
    0.15759E-01    0.29183E+05
    0.16077E-01    0.29150E+05
    0.16402E-01    0.29109E+05
    0.16734E-01    0.29059E+05
    0.17072E-01    0.28998E+05
    0.17416E-01    0.28926E+05
    0.17768E-01    0.28841E+05
    0.18127E-01    0.28743E+05
    0.18493E-01    0.28629E+05
    0.18867E-01    0.28500E+05
    0.19248E-01    0.28353E+05
    0.19637E-01    0.28189E+05
    0.20034E-01    0.28005E+05
    0.20438E-01    0.27802E+05
    0.20851E-01    0.27581E+05
    0.21272E-01    0.27343E+05
    0.21702E-01    0.27089E+05
    0.22141E-01    0.26820E+05
    0.22588E-01    0.26537E+05
    0.23044E-01    0.26240E+05
    0.23510E-01    0.25932E+05
    0.23985E-01    0.25612E+05
    0.24469E-01    0.25283E+05
    0.24964E-01    0.24944E+05
    0.25468E-01    0.24598E+05
    0.25982E-01    0.24244E+05
    0.26507E-01    0.23885E+05
    0.27043E-01    0.23521E+05
    0.27589E-01    0.23153E+05
    0.28146E-01    0.22782E+05
    0.28715E-01    0.22408E+05
    0.29295E-01    0.22034E+05
    0.29887E-01    0.21659E+05
    0.30490E-01    0.21283E+05
    0.31106E-01    0.20908E+05
    0.31735E-01    0.20531E+05
    0.32376E-01    0.20155E+05
    0.33030E-01    0.19777E+05
    0.33697E-01    0.19398E+05
    0.34378E-01    0.19018E+05
    0.35072E-01    0.18637E+05
    0.35781E-01    0.18255E+05
    0.36504E-01    0.17872E+05
    0.37241E-01    0.17490E+05
    0.37993E-01    0.17110E+05
    0.38761E-01    0.16735E+05
    0.39544E-01    0.16369E+05
    0.40343E-01    0.16012E+05
    0.41158E-01    0.15667E+05
    0.41989E-01    0.15336E+05
    0.42838E-01    0.15021E+05
    0.43703E-01    0.14722E+05
    0.44586E-01    0.14441E+05
    0.45486E-01    0.14178E+05
    0.46405E-01    0.13932E+05
    0.47343E-01    0.13700E+05
    0.48299E-01    0.13481E+05
    0.49275E-01    0.13274E+05
    0.50270E-01    0.13077E+05
    0.51286E-01    0.12889E+05
    0.52322E-01    0.12708E+05
    0.53379E-01    0.12534E+05
    0.54457E-01    0.12366E+05
    0.55557E-01    0.12201E+05
    0.56680E-01    0.12038E+05
    0.57825E-01    0.11876E+05
    0.58993E-01    0.11712E+05
    0.60184E-01    0.11544E+05
    0.61400E-01    0.11373E+05
    0.62641E-01    0.11195E+05
    0.63906E-01    0.11010E+05
    0.65197E-01    0.10816E+05
    0.66514E-01    0.10613E+05
    0.67858E-01    0.10399E+05
    0.69229E-01    0.10175E+05
    0.70627E-01    0.99406E+04
    0.72054E-01    0.96955E+04
    0.73510E-01    0.94398E+04
    0.74994E-01    0.91740E+04
    0.76509E-01    0.88983E+04
    0.78055E-01    0.86133E+04
    0.79632E-01    0.83196E+04
    0.81241E-01    0.80179E+04
    0.82882E-01    0.77116E+04
    0.84556E-01    0.74065E+04
    0.86264E-01    0.71078E+04
    0.88007E-01    0.68202E+04
    0.89785E-01    0.65474E+04
    0.91598E-01    0.62926E+04
    0.93449E-01    0.60583E+04
    0.95337E-01    0.58466E+04
    0.97263E-01    0.56594E+04
    0.99227E-01    0.54982E+04
    0.10123E+00    0.53612E+04
    0.10328E+00    0.52431E+04
    0.10536E+00    0.51386E+04
    0.10749E+00    0.50432E+04
    0.10966E+00    0.49524E+04
    0.11188E+00    0.48624E+04
    0.11414E+00    0.47694E+04
    0.11644E+00    0.46699E+04
    0.11880E+00    0.45609E+04
    0.12120E+00    0.44397E+04
    0.12365E+00    0.43066E+04
    0.12614E+00    0.41651E+04
    0.12869E+00    0.40187E+04
    0.13129E+00    0.38705E+04
    0.13394E+00    0.37233E+04
    0.13665E+00    0.35795E+04
    0.13941E+00    0.34412E+04
    0.14223E+00    0.33102E+04
    0.14510E+00    0.31879E+04
    0.14803E+00    0.30755E+04
    0.15102E+00    0.29727E+04
    0.15407E+00    0.28777E+04
    0.15718E+00    0.27887E+04
    0.16036E+00    0.27043E+04
    0.16360E+00    0.26231E+04
    0.16690E+00    0.25438E+04
    0.17028E+00    0.24654E+04
    0.17371E+00    0.23869E+04
    0.17722E+00    0.23075E+04
    0.18080E+00    0.22265E+04
    0.18446E+00    0.21440E+04
    0.18818E+00    0.20613E+04
    0.19198E+00    0.19792E+04
    0.19586E+00    0.18986E+04
    0.19982E+00    0.18204E+04
    0.20386E+00    0.17451E+04
    0.20797E+00    0.16733E+04
    0.21218E+00    0.16054E+04
    0.21646E+00    0.15418E+04
    0.22083E+00    0.14826E+04
    0.22530E+00    0.14278E+04
    0.22985E+00    0.13766E+04
    0.23449E+00    0.13286E+04
    0.23923E+00    0.12831E+04
    0.24406E+00    0.12397E+04
    0.24899E+00    0.11980E+04
    0.25402E+00    0.11576E+04
    0.25915E+00    0.11182E+04
    0.26439E+00    0.10796E+04
    0.26973E+00    0.10414E+04
    0.27518E+00    0.10036E+04
    0.28074E+00    0.96634E+03
    0.28641E+00    0.92977E+03
    0.29219E+00    0.89398E+03
    0.29810E+00    0.85907E+03
    0.30412E+00    0.82513E+03
    0.31026E+00    0.79222E+03
    0.31653E+00    0.76040E+03
    0.32292E+00    0.72971E+03
    0.32945E+00    0.70019E+03
    0.33610E+00    0.67182E+03
    0.34289E+00    0.64457E+03
    0.34982E+00    0.61839E+03
    0.35689E+00    0.59325E+03
    0.36409E+00    0.56910E+03
    0.37145E+00    0.54591E+03
    0.37895E+00    0.52363E+03
    0.38661E+00    0.50224E+03
    0.39442E+00    0.48170E+03
    0.40239E+00    0.46198E+03
    0.41052E+00    0.44304E+03
    0.41881E+00    0.42485E+03
    0.42727E+00    0.40737E+03
    0.43590E+00    0.39058E+03
    0.44471E+00    0.37445E+03
    0.45369E+00    0.35894E+03
    0.46286E+00    0.34404E+03
    0.47221E+00    0.32971E+03
    0.48174E+00    0.31593E+03
    0.49148E+00    0.30269E+03
    0.50141E+00    0.28995E+03
    0.51153E+00    0.27772E+03
    0.52187E+00    0.26595E+03
    0.53241E+00    0.25466E+03
    0.54317E+00    0.24381E+03
    0.55414E+00    0.23340E+03
    0.56533E+00    0.22340E+03
    0.57675E+00    0.21381E+03
    0.58840E+00    0.20461E+03
    0.60029E+00    0.19579E+03
    0.61242E+00    0.18733E+03
    0.62479E+00    0.17922E+03
    0.63741E+00    0.17144E+03
    0.65029E+00    0.16399E+03
    0.66342E+00    0.15685E+03
    0.67683E+00    0.15000E+03
    0.69050E+00    0.14344E+03
    0.70445E+00    0.13715E+03
    0.71868E+00    0.13112E+03
    0.73320E+00    0.12535E+03
    0.74801E+00    0.11981E+03
    0.76312E+00    0.11451E+03
    0.77854E+00    0.10944E+03
    0.79426E+00    0.10458E+03
    0.81031E+00    0.99925E+02
    0.82668E+00    0.95469E+02
    0.84338E+00    0.91204E+02
    0.86041E+00    0.87121E+02
    0.87780E+00    0.83214E+02
    0.89553E+00    0.79476E+02
    0.91362E+00    0.75899E+02
    0.93208E+00    0.72477E+02
    0.95091E+00    0.69203E+02
    0.97011E+00    0.66072E+02
    0.98971E+00    0.63078E+02
    0.10097E+01    0.60214E+02
    0.10301E+01    0.57476E+02
    0.10509E+01    0.54857E+02
    0.10721E+01    0.52354E+02
    0.10938E+01    0.49961E+02
    0.11159E+01    0.47673E+02
    0.11384E+01    0.45487E+02
    0.11614E+01    0.43397E+02
    0.11849E+01    0.41401E+02
    0.12088E+01    0.39493E+02
    0.12333E+01    0.37670E+02
    0.12582E+01    0.35929E+02
    0.12836E+01    0.34265E+02
    0.13095E+01    0.32676E+02
    0.13360E+01    0.31159E+02
    0.13630E+01    0.29710E+02
    0.13905E+01    0.28326E+02
    0.14186E+01    0.27005E+02
    0.14472E+01    0.25743E+02
    0.14765E+01    0.24539E+02
    0.15063E+01    0.23390E+02
    0.15367E+01    0.22293E+02
    0.15678E+01    0.21246E+02
    0.15994E+01    0.20247E+02
    0.16318E+01    0.19294E+02
    0.16647E+01    0.18384E+02
    0.16984E+01    0.17517E+02
    0.17327E+01    0.16689E+02
    0.17677E+01    0.15899E+02
    0.18034E+01    0.15145E+02
    0.18398E+01    0.14427E+02
    0.18770E+01    0.13741E+02
    0.19149E+01    0.13087E+02
    0.19536E+01    0.12463E+02
    0.19930E+01    0.11868E+02
    0.20333E+01    0.11301E+02
    0.20744E+01    0.10760E+02
    0.21163E+01    0.10244E+02
    0.21590E+01    0.97530E+01
    0.22026E+01    0.92848E+01
    0.22471E+01    0.88387E+01
    0.22925E+01    0.84139E+01
    0.23388E+01    0.80093E+01
    0.23861E+01    0.76241E+01
